# SCIPER = 353055
# id = 353055
# seed = 7933357149999300907
# Worked with (list all):Cristian-Alexandru Botocan (358786), Kamila Babayeva (342448), Clément Burgelin (249954)
###### Exercise 1
Q1b_pt=RXZlcnlvbmUgZ2V0cyBoZWxwIGZyb20gc29tZW9uZSBlbHNlIGF0IHNvbWUgcG9pbnQgaW4gdGhlaXIgbGl2ZXMuIFNvIHNvbWVkYXksIHlvdSBzaG91bGQgaGVscCBzb21lb25lIHRvby4gKFN1enVoYSBBbWFuZSwgU3RlaW5zO0dhdGUp
Q1c_sk=[[[[3, 0, 43, 36, 21, 48, 33, 29, 51, 8, 49, 20, 26, 18, 23, 31, 39, 4, 37, 25, 40, 6, 17, 50, 16, 11, 47, 38, 14, 10, 12, 7, 9, 46, 30, 32, 5, 2, 19, 28, 35, 22, 42, 15, 41, 24, 13, 44, 34, 45, 27, 1], 20, []], [[39, 17, 36, 50, 16, 31, 19, 1, 29, 11, 49, 37, 38, 8, 27, 12, 0, 21, 20, 32, 34, 15, 5, 40, 42, 47, 10, 46, 30, 51, 35, 2, 6, 4, 43, 45, 48, 25, 7, 18, 33, 13, 28, 41, 22, 24, 23, 14, 3, 44, 9, 26], 8, [11, 29, 50]], [[31, 1, 29, 37, 20, 21, 35, 50, 33, 0, 6, 44, 51, 11, 48, 19, 25, 41, 7, 10, 36, 14, 22, 32, 46, 39, 47, 45, 9, 18, 43, 26, 49, 17, 27, 42, 40, 23, 15, 8, 12, 2, 24, 4, 28, 3, 16, 38, 34, 30, 5, 13], 25, [1, 5]], [[25, 36, 1, 24, 19, 12, 14, 18, 8, 44, 45, 50, 40, 34, 9, 28, 0, 4, 47, 15, 10, 13, 46, 39, 5, 17, 51, 20, 41, 43, 3, 35, 38, 21, 33, 27, 26, 11, 42, 30, 37, 7, 29, 48, 32, 49, 31, 16, 23, 6, 2, 22], 30, [7, 29]], [[23, 6, 8, 34, 12, 27, 26, 11, 30, 20, 7, 4, 16, 43, 15, 51, 13, 33, 18, 32, 25, 41, 0, 24, 44, 29, 47, 17, 1, 36, 38, 2, 48, 39, 14, 45, 35, 46, 3, 42, 19, 22, 21, 37, 40, 49, 9, 10, 50, 5, 31, 28], 3, []]], [49, 45, 47, 41, 16, 38, 42, 18, 31, 28, 34, 12, 11, 46, 33, 36, 4, 43, 7, 51, 30, 27, 26, 50, 37, 29, 22, 21, 9, 25, 20, 8, 48, 14, 10, 40, 15, 24, 5, 44, 35, 3, 6, 17, 39, 1, 13, 2, 32, 0, 23, 19], [[0, 1, 2, 3, 18, 45, 44, 30, 35, 9, 11, 10, 16, 13, 14, 15, 12, 17, 4, 19, 41, 21, 40, 23, 24, 25, 26, 27, 28, 29, 7, 31, 34, 36, 32, 8, 33, 37, 38, 39, 22, 20, 42, 43, 6, 5, 46, 47, 48, 49, 50, 51], 30]]
Q1c_pt=SWYgeW91IGtlZXAgYmFkLW1vdXRoaW5nIHNvbWVvbmUsIHlvdSBtaWdodCBmZWVsIGxpa2UgYXMgaWYgeW91IGFyZSBvbiBhIGhpZ2hlciBwb3NpdGlvbiB0aGFuIHRoYXQgcGVyc29uLiBCdXQgaW4gYWN0dWFsIGZhY3QsIGl0cyBjb21wbGV0ZWx5IHdyb25nIHRvIGRvIHRoYXQhIChZb3NoaW9rYSBGdXRhYmEsIEFvIEhhcnUgUmlkZSk=
###### Exercise 2
Q2a_m=SUMMONSWEALTHY
Q2b_C2=bb3feb99cba21dc21011316853768754e5557bb8fa99db9e7be35238d3fc11412e75ef726fad14a498be42de3ec0533dd3ec92f9f5fd688a788048a567a9dc5925c5c3e973717d8e4327c1c42b84cf8811ec72e13382c277379e623be6155a9889ad06f3f84f2fde68e6516c91d7d68e53ebfcfcc5cecad311d9d55203b113b7:db6af8536856b29d1db23395711f2f54416f04b0a86b6fb4ba2e1eb808f8a69bd5c7bc17d045499d6a35427a22112c27ead18fce29096b9803e29571c5ed38225a49ec2cff950c18cd3f89468d209e869b71eeaf1cf035f8d7b5182a9a6e2b8ab9067d104da45bd91e7c6cedd40213f29c498534d33bf1234d479108f50167ce;4f7495c9846af632e5e528765b48aa8aea4a1d65d80831b12ce7139c7cdd2f908d79508a034b902073dd3d014d2ae6f6d2a9e19f505611f616ad66a33d0fcdd3bb33ae4fd32a2d167a4d7877f5ca1afeca31de2784192e5015698b3983e79889f734cef93af85cb1eba33f3b9069a4f9051c4374dd3314c5b5bd96edadd42430:9f2e00996a797173a60bf1a957e9d0ee4e5ebfd2aa0280bf90c0a5d160be4dd178e4cf9c09ecbd91b37b224f0105e75f21f030c709d8455ec97a8c52a0a9b820a1a6962853e6426ee8e1d281332b5af16d4b5ebf46fd5aed3af8e9e9b25f81d37bd8fedf8f3492349db6adb411466faf3100978ad5ba1f6a160b11f4b7ea7a3b;8e741c189f56a24fed665d62856cadd9a3486d69509c0ae55f11842ad1fdd2d30400b6d288e90d47985b1ba5a309fd0294d966061ac170b3e7275ee99508e3530731d5b8bde34f3ee34923ac85a14c6ce70e1b2c71bf06376bbd38f1e2af8a2023f509e4dddeb6587172ab3f899e4d939138e5374a0f889ac18094a951346377:258ddcdebd51788af5e1fe0a523aa42d5321d93553059a68dcb4bde3e3abfea935c21b8ff0b8ddabdcfc9e443fad37747186fcafebf4840a5154f7f9350bafa48ec4878ad010dda6043e2542b93003feab3b6e200eb9ddba89580beba33bd71d0d287b21089228e696599082d426b7a266625929a299a71157a75870ccc31dfe;a586a91d153c5cb7f4c64162d949ca60388d7b60855571c59b57d8738bc37f0b2674b8b863f6adb30df673d220dda92c4d2a601ec314802eb70364e8478a07002ef2f6560b6e7fe4bf745f1f4bf489e59670732a737b8391b95119cc9ef97fb5bd15ba075d986b10ad425e267cc0d24d6ac9950896049bc443f2565ea4eac3d3:123684831ecd69432bcd4c08ab66ec89fcb70141ce451eab5067212a7149c51874d1cae89cef6e3bf06a6f88bc9cf8ab66c654c9bd64ee8540ee0bf93b2d2c5915fbbed4a7353b85d016706fd91ebd29579f56ab1653e06e6ceb1f624a5c8d711514eaa37498ceb533150acb2015e5dcf79b5332c4a68b8982bde17db81d215b;9d4b6d85076bdd3b747c82657d1164a74e5632262ef84e6f357145c2f2471d8261f7fba994134f67a9d409a51c15c2c82b934e3b0874a2c9b5159424d93533d7b20f4910389de2cb51c61f6a62b8215352b9650c5fecabd579ccc7c34840467a47f171fb75ad4db96b9ff133c4f26917479e7f4a8439670c48de9310952525a5:cfaadafac11341d067c007660d653336bf618b41cb3158ec3b584a0763c710245096e8d281c5b2830971a696e5edbc5fe543dfd3ef0764a9fd8b76fa5f9c9eac5331806d86e86558732436a4bd41bfb40f2f4de0a899db2c1586fbed11fb5dc44abfc2e3fdf888f93f9e9ecaec69648f9f13aa492bfbb12748c264e58a0d5664;518b2756cd56bf4241b705f30aa9feaf0e7caec2fed930e2f1a45aa0dc5d2abf11908ff8b9ffebd3df5e66d1187b9efde99dc43e8d99798d74bfc5bb7af3440e997be051bb70a7d76f9988d9bc1bf109198a44f3f0c3f01e1da65a8bf7bebfd25cac4125dc09c8eed1010e57bc07f499484a059ab1015bf3fa6099dfdc7170fa:92c8a5461fe8294dfd6924e860b3395a9afecc91e0aa86459d5bce131a1298b9ea9a5d0323f62291b9aadf9eaed6743973941259bac74d20e0e0c53f52f25db2888e66a0cd8295d5837a0d80a44afa033d650f07647c9eb0838e74042ac512db1cd62a5940b86e209422876091e8637e4f20782d00398a92094146aad53ae1a0;71714c78e4733eb1ceb77c3ce03d636f16c49e6cd38032e7b0b8b100343f9560732a2c92574a1a4c5169298e72f43715806dabc7532c4597bb45458968f5749e4b24a9549cff0bd59e79264dae7a252fdb8cade215a568bf2132ad2470d6aae3cecd05c8055bd76c1539337632932bc5b58c2014ba7691d614688e948eb0dfc6:a12b70846e4749fabb296bdc6cd60083ca1d5505729d52bfbe7df332bedd8215668b37097891ae028b4076de14801542d4ecd090c6ecbcdb4b484020b978cdd55229f37eebba27110ae77133dd4498b43712d5620775db945ecb367cb07457d0ab9e580fa28c639ebf51f516135be8605620c57e7400d1a911f9e8f10448fb42;b6a3b290e5fa13d7839541c41284b911db8c30cae02f1138d173a6b37bb3259f7c56230494ea08cfcaa294b0494be5dc2fb4c79bbc62074d43b8586690d201f75c33a4887a28da53503b1775b234bbb682f0d65160392c43bd350819b59db95675774d8d7cbdd5fdc2f472cef383fb449b13948fe6a838e44515c46b2c8192e3:8217e7f839ee24c5ab7b63c7baff306f9a32c8c7654d800fcdaa83b097914306b65179e5f09b4d60819558d3d03563e5ad2579e7740582491077d8330c3b230ddb556bc077a9137b51ed67053fc3ad7e6879f2d6a38d30ca0fc99a25dfb441896584a4a8874f375b78716f0547fb7aa0f1be31c8c3e6a358d5f6587339a1c225;3cbb90b9d35d3f16abfa022c7094bc71fa22e71527ff5f4629d420cb6ca8836e9aebf1779ce421960c44b5874ac11752fd961fdc5bcd3501257a7d68f7dcb83ab46c3a3ab312d499572bee34e4dfd147948cfd3517591598e1836411aed29a4959f20e185a3c6e0243b99dbb9db16362af47f0c001a0f931a5bbc003943eb4f4:7db4e504d39d6e2d8a513bfa9e8e998d4dafca96a4408ddf8074973e4d202113ca3fb396c38e1f9ac8e9adfd99891bbe0e5feefce12a2f78a3387838c91baadd6a3e93cd9fe65e3968122c2c221cdd92f8aaef2ecf6046e78cd81bf5b2e822db02c15de1e0e076217d4b0c3d7d1c9ef9133073a00a74ace38578c4b1ec210732;7e5bfd0dc7cb93641bacc6dea05b4ca5444b298f7937f00333ab50bd7c3088278ee8df3841452f4fbab99e7d54c25e9614a84ebdfebcc109eff1c15186777bd27e41e337c70d1bd0852017feaa296699869dd900305522b9d5c8c4d952c68c455c6899daf3453f82c51df5a970b0bf8287d20ff69f5f8d8786ed766b8a2b91ed:d861b1e968e227a4605c3d0c9d76d78271ca3d063c6a39bfba209f1ca54446e4f69a62f3a543b5db94b94cd9718c19e0568b2bd887eb5ab28902c878fdc8fd14affa79867a68135c8dfd2745144bb08973a1db9e292c22cdb09940aa9b7fe41fa037646eb10d05b65974beedccc7bd84aa98dbb6cd01035f07366084baabb627;a240e3bf1d0eed821963805280971ed3937073e060edf618835af8c22911f84e3fe68611360207d7f8f4013dfe1bf15cb1755713ea8c5630549e1f292c4e7169445a2726930e82ce255f6febb6011f9562cdae145cd31b1b10f3f7535492d4a650175491b6bcbb2c4a50df5ae525d77fbc39848626aee97e112fa9d5a46b297e:64fd00643400e72f4e73e0842b1d14fa6f25f7e162d7ac3ec9860f5db23c6dec37c03087feb6b399ea9f7b010d3eac1dce32df1afe42c094b89aa814d44ab761f5b6006a5d4ea3b4045a4c757f3e3313508d2843d03af808b81e1522155eab35b1e9c75d4a2d2240e4ed50471fd5a87bc0cc94bade09aebd16c21e20abb441b;33d361e6377a1263a4cfe49717b870475e12b3b762ffa358b3f68daee8c030080553781f165fdb1f718de398ee3e9cdec17d32dd6cbaeb9d55b342b8281a78c6810e98799992b327b665f1f195fdad5832b92a669d9740a17d384aea4410bd08f4664887561d1ff642e117a576e2264d49cba7421fc6c9fb72584364ec1a52c1:53fea7291fdf95eb224d08179e42f6553e5d737817b8c918be99411d8e0972591066db633db6057dbc4529ab03cb1104bf13759fd3002f86aa72304a76deec883f8e3c1503045fe64e9a548d72ac9212254ed970fc817ca5f4b3d5c5c89401928278a9821a8489fb8a9429d8f260c557bbb67dc6ce182909b6c16723ac35229;d43ccbfbb42b2a1fb4b06c3f2b1de56aa8a56cd232eeb91fd6758a47cc1ed240bbf10d1bbd484527ab6e3602864b753e511169542ba0a13cbad4d666fa10a2a17ecbdd9922c015d603eb7a091bc7537a279dfd27909936dfeea3690ec29433cc87f6aacbacd262780c6e288b2e3e7c5ff54f6591ae14c65089c4c00c0bdb7e87:d582a01b6be1d68f1e1e016d4cf875396a50806339ead1ba91775459272e026ecc6bad0c5982f5c0ae97dc3996ff4f4a04259bf22c6c55f763abe7eb82510ac86d5f7b9e78113abe53d2d3c47eaa6d4bf404e8f105bf927ceaef028041508f9592730091a0fa5224c515834a423a5cbcc9b269c597f6be6044d17dd808729fc2;94f274aae2afa005176c89e5b2e0e2b231737b46ae71ddbf7b50ac93fa56d7e1662ef90106f5116a227374e1059754b7331e602990a407877a612e9feeec1a0eabb91f66b88687f19a9eaea7f4e9172fa9292cc5e78bc0db931bfd99ed45085af9f8705e4a1315c88e150a127a9ba5581d6e910990a68a8bb6109d48b7a6734b:c08619b03880e7a34b0b4e5d598800324cbcb871ef139d4153208a02bb26b23c6f44fa83f3ff1d9034450d8f07239ed6523443cdc60da4e90e47f624f78ef3cff0f8346637b1dcb9b0dacf7c481fd29856d42d91dfe2345d0b7d498291c1f973e4fea34c74733bc222929472495ac7f0258c6f17b059bb373820e060604da9ca;
###### Exercise 3
Q3a_sk=23
Q3b_sk=3
Q3c_pt=whaticanneverexpressyetcannotallconceal

